<?xml version="1.0"?>
<opencv_storage>
<classifications type_id="opencv-matrix">
  <rows>167</rows>
  <cols>1</cols>
  <dt>i</dt>
  <data>
    44 45 47 67 66 65 94 38 57 56 54 53 52 50 48 55 51 49 41 40 33 44 45
    33 67 66 65 94 57 56 54 50 48 38 55 53 52 51 49 47 41 40 44 45 33 94
    67 65 80 56 51 50 48 66 47 41 40 38 55 54 53 52 49 44 45 33 94 38 66
    65 55 53 52 49 67 47 57 56 54 51 50 48 41 40 45 33 65 67 66 38 57 56
    55 54 53 51 50 49 48 52 94 47 41 40 44 45 33 94 57 56 54 51 50 48 67
    66 65 38 55 53 52 49 47 41 40 44 45 33 38 66 65 55 53 52 67 47 94 41
    40 57 56 54 51 50 49 48 44 45 33 38 94 57 56 55 54 53 52 51 50 48 65
    49 67 66 47 41 40</data></classifications>
</opencv_storage>
